type      = 0
nxforms   = 1
mean      = 0.0000 0.0000 0.0000
sigma     = 1.0000
1 4 4
9.961947202682495e-01 -8.715574443340302e-02 0.000000000000000e+00 8.842445373535156e+00 
8.715574443340302e-02 9.961947202682495e-01 0.000000000000000e+00 -7.429260253906250e+00 
0.000000000000000e+00 0.000000000000000e+00 1.000000000000000e+00 0.000000000000000e+00 
0.000000000000000e+00 0.000000000000000e+00 0.000000000000000e+00 1.000000000000000e+00 
src volume info
valid = 1  # volume info valid
filename = /media/DiskArray/shared_data/js/phantom_qT1_disc/T1_seir_mag_TR4000/T1_seir_mag_TR4000_2014-07-31_1.nii.gz
volume = 182 218 1
voxelsize = 1.000000000000000e+00 1.000000000000000e+00 1.000000000000000e+00
xras   = -1.000000000000000e+00 0.000000000000000e+00 0.000000000000000e+00
yras   = 0.000000000000000e+00 1.000000000000000e+00 0.000000000000000e+00
zras   = 0.000000000000000e+00 0.000000000000000e+00 1.000000000000000e+00
cras   = -1.000000000000000e+00 -1.700000000000000e+01 -7.150000000000000e+01
dst volume info
valid = 1  # volume info valid
filename = /media/DiskArray/shared_data/js/phantom_qT1_disc/T1_seir_mag_TR4000/T1_seir_mag_TR4000_2014-07-31_1.nii.gz
volume = 182 218 1
voxelsize = 1.000000000000000e+00 1.000000000000000e+00 1.000000000000000e+00
xras   = -1.000000000000000e+00 0.000000000000000e+00 0.000000000000000e+00
yras   = 0.000000000000000e+00 1.000000000000000e+00 0.000000000000000e+00
zras   = 0.000000000000000e+00 0.000000000000000e+00 1.000000000000000e+00
cras   = -1.000000000000000e+00 -1.700000000000000e+01 -7.150000000000000e+01
