type      = 0
nxforms   = 1
mean      = 0.0000 0.0000 0.0000
sigma     = 1.0000
1 4 4
9.998477101325989e-01 -1.745240576565266e-02 0.000000000000000e+00 1.916015625000000e+00 
1.745240576565266e-02 9.998477101325989e-01 0.000000000000000e+00 -1.554115295410156e+00 
0.000000000000000e+00 0.000000000000000e+00 1.000000000000000e+00 0.000000000000000e+00 
0.000000000000000e+00 0.000000000000000e+00 0.000000000000000e+00 1.000000000000000e+00 
src volume info
valid = 1  # volume info valid
filename = /media/DiskArray/shared_data/js/phantom_qT1_disc/T1_seir_mag_TR4000/T1_seir_mag_TR4000_2015-01-27_1.nii.gz
volume = 182 218 1
voxelsize = 1.000000000000000e+00 1.000000000000000e+00 1.000000000000000e+00
xras   = -1.000000000000000e+00 0.000000000000000e+00 0.000000000000000e+00
yras   = 0.000000000000000e+00 1.000000000000000e+00 0.000000000000000e+00
zras   = 0.000000000000000e+00 0.000000000000000e+00 1.000000000000000e+00
cras   = -1.000000000000000e+00 -1.700000000000000e+01 -7.150000000000000e+01
dst volume info
valid = 1  # volume info valid
filename = /media/DiskArray/shared_data/js/phantom_qT1_disc/T1_seir_mag_TR4000/T1_seir_mag_TR4000_2015-01-27_1.nii.gz
volume = 182 218 1
voxelsize = 1.000000000000000e+00 1.000000000000000e+00 1.000000000000000e+00
xras   = -1.000000000000000e+00 0.000000000000000e+00 0.000000000000000e+00
yras   = 0.000000000000000e+00 1.000000000000000e+00 0.000000000000000e+00
zras   = 0.000000000000000e+00 0.000000000000000e+00 1.000000000000000e+00
cras   = -1.000000000000000e+00 -1.700000000000000e+01 -7.150000000000000e+01
